noise_factor: 0.0031622776601683794
time_sf: 0.8333333333333334
strain_sf: 0.14285714285714285
stress_sf: 0.047619047619047616
