noise_factor: 0
time_sf: 1
strain_sf: 0.07781571887821924
stress_sf: 0.14285714285714285
