time_sf: 5.235987755982989
strain_sf: 0.14285714285714285
stress_sf: 98.07692307692307
