noise_factor: 0
time_sf: 2.6179938779914944
strain_sf: 0.14285714285714285
stress_sf: 285.7142857142857
