E: [0.0002499999999999988, 0.0002500000000000012]
eta: [3.962232981152791e-06]
Input: Strain
Desc: Sinc
omega: 3.141592653589793
Amp: 7
