Model: GMM
E: [0.0005025125628140704, 0.0005025125628140704, 0.0005025125628140704]
eta: [3.3e-05, 0.00022]
Input: Strain
Desc: Full Sinc
omega: 6.283185307179586
Amp: 7
R_shunt: 10.2
