time_sf: 5.235987755982989
voltage_sf: 0.15060240963855423
current_sf: 43.22033898305085
