time_sf: 2.6179938779914944
strain_sf: 0.1404494382022472
stress_sf: 188.88888888888886
