E: [0.0005, 0.0005, 0.0005]
eta: [0.00022, 7.480629484204737e-05]
Input: Strain
Desc: Sinc
omega: 6.283185307179586
Amp: 7
