noise_factor: 0
time_sf: 6.283185307179586
strain_sf: 0.11873528203650843
stress_sf: 147.2548658778457
