noise_factor: 0
time_sf: 0.9523809523809521
strain_sf: 0.09050281704550606
stress_sf: 0.14285714285714285
