E: [0.00024999999999999984, 0.00025000000000000017]
eta: [1.5773933612004827e-05]
Input: Strain
Desc: Sinc
omega: 3.141592653589793
Amp: 7
