noise_factor: 0
time_sf: 1
strain_sf: 0.11776411513905002
stress_sf: 0.14285714285714285
