noise_factor: 0
time_sf: 1
strain_sf: 0.07059940825119172
stress_sf: 0.14285714285714288
