E: [0.0005, 0.0005, 0.0005]
eta: [0.00022, 8.64906323494328e-06]
Input: Strain
Desc: Sinc
omega: 6.283185307179586
Amp: 7
