Model: GKM
E: [0.0005012531328320802, 0.0005002501250625312]
eta: [0.001]
Input: Strain
Desc: Half Sinc
omega: 6.283185307179586
Amp: 7
R_shunt: 10.5
