time_sf: 5.235987755982989
voltage_sf: 0.1388888888888889
current_sf: 238.63636363636363
