noise_factor: 0
time_sf: 1
strain_sf: 0.11661553812913102
stress_sf: 0.14285714285714285
