noise_factor: 0
time_sf: 1
strain_sf: 0.07200180221557267
stress_sf: 0.14285714285714285
