noise_factor: 0
time_sf: 0.8333333333333334
strain_sf: 0.1430955161662111
stress_sf: 0.04769850538873704
