noise_factor: 0
time_sf: 0.9999999999999998
strain_sf: 0.09050281704550606
stress_sf: 0.14285714285714285
