time_sf: 5.235987755982989
voltage_sf: 0.14705882352941177
current_sf: 39.84374999999999
