noise_factor: 0
time_sf: 0.9090909090909088
strain_sf: 0.09050281704550606
stress_sf: 0.14285714285714285
