E: [0.00025000000000000033, 0.0002499999999999997]
eta: [6.279716078773938e-05]
Input: Strain
Desc: Sinc
omega: 3.141592653589793
Amp: 7
