noise_factor: 0
time_sf: 6.283185307179586
strain_sf: 0.0933678935194091
stress_sf: 101.08608501048043
