time_sf: 2.6179938779914944
voltage_sf: 0.14367816091954022
current_sf: 124.39024390243902
