noise_factor: 0
time_sf: 0.8333333333333334
strain_sf: 0.0733864245117957
stress_sf: 0.14285714285714285
