E: [0.0005, 0.0005, 0.0005]
eta: [0.00022, 0.00012828633935556207]
Input: Strain
Desc: Sinc
omega: 6.283185307179586
Amp: 7
