Model: GKM
E: [0.0005025125628140704, 0.0005025125628140704]
eta: [0.001]
Input: Strain
Desc: Full Sinc
omega: 7.5398223686155035
Amp: 7
R_shunt: 10.2
