time_sf: 6.283185307179586
voltage_sf: 0.1404494382022472
current_sf: 340.0
