E: [0.00025, 0.00025]
eta: [0.00025]
Input: Strain
Desc: Sinc
omega: 3.141592653589793
Amp: 7
