Model: GMM
E: [0.0005025125628140704, 0.0005025125628140704, 0.0005025125628140704]
eta: [3.3e-05, 2.2e-06]
Input: Strain
Desc: Full Sinc
omega: 241.2743157956961
Amp: 7
R_shunt: 10.2
