time_sf: 201.06192982974676
voltage_sf: 0.14534883720930233
current_sf: 124.39024390243902
