Model: GKM
E: [0.0005025125628140704, 0.0005025125628140704]
eta: [0.001]
Input: Strain
Desc: Half Sinc
omega: 3.141592653589793
Amp: 7
R_shunt: 10.2
