time_sf: 2.6179938779914944
voltage_sf: 0.1388888888888889
current_sf: 231.81818181818184
