noise_factor: 0
time_sf: 1
strain_sf: 0.11885017341331795
stress_sf: 0.14285714285714285
