time_sf: 6.283185307179586
voltage_sf: 0.1488095238095238
current_sf: 28.72340425531915
