E: [0.0005, 0.0005, 0.0005]
eta: [0.00022, 0.00021999999999999998]
Input: Strain
Desc: Sinc
omega: 6.283185307179586
Amp: 7
