E: [0.00025, 0.00025]
eta: [7.905694150420947e-06]
Input: Strain
Desc: Sinc
omega: 3.141592653589793
Amp: 7
