time_sf: 3
voltage_sf: 0.14367816091954022
current_sf: 131.70731707317074
