E: [0.0005, 0.0005, 0.0005]
eta: [0.00022, 2.940928974821266e-06]
Input: Strain
Desc: Sinc
omega: 6.283185307179586
Amp: 7
