E: [0.0005, 0.0005, 0.0005]
eta: [0.00022, 4.362102602745056e-05]
Input: Strain
Desc: Sinc
omega: 6.283185307179586
Amp: 7
