E: [0.00025000000000000066, 0.00024999999999999935]
eta: [3.147313529485416e-05]
Input: Strain
Desc: Sinc
omega: 3.141592653589793
Amp: 7
