noise_factor: 0
time_sf: 5.235987755982989
strain_sf: 0.14714295186232726
stress_sf: 494.49391230556574
