E: [0.0002499999999999985, 0.0002500000000000015]
eta: [4.988155787422202e-07]
Input: Strain
Desc: Sinc
omega: 3.141592653589793
Amp: 7
