E: [0.0005, 0.0005, 0.0005]
eta: [0.00022, 1.7149136931114832e-06]
Input: Strain
Desc: Sinc
omega: 6.283185307179586
Amp: 7
