noise_factor: 0
time_sf: 1
strain_sf: 0.07362701685353716
stress_sf: 0.14285714285714285
