Model: GMM
E: [0.0005025125628140704, 0.0005025125628140704, 0.0005025125628140704]
eta: [0.001, 2.2e-06]
Input: Strain
Desc: Full Sinc
omega: 6.283185307179586
Amp: 7
R_shunt: 10.2
