time_sf: 167.55160819145564
strain_sf: 0.14285714285714285
stress_sf: 54.25531914893617
