E: [0.00025, 0.00025]
eta: [9.952679263837431e-07]
Input: Strain
Desc: Sinc
omega: 3.141592653589793
Amp: 7
