noise_factor: 0
time_sf: 0.8333333333333334
strain_sf: 0.27138127627347863
stress_sf: 0.14285714285714285
