noise_factor: 0
time_sf: 0.8333333333333334
strain_sf: 0.14285716666666942
stress_sf: 0.047619055555556476
