noise_factor: 0
time_sf: 0.7999999999999997
strain_sf: 0.14285714285714285
stress_sf: 0.047619047619047616
