E: [0.0002500000000000002, 0.0002499999999999998]
eta: [1.985820586810706e-06]
Input: Strain
Desc: Sinc
omega: 3.141592653589793
Amp: 7
