noise_factor: 0
time_sf: 5.235987755982989
strain_sf: 0.14285714285714285
stress_sf: 95.23809523809523
