noise_factor: 0
time_sf: 0.6666666666666665
strain_sf: 0.14285714285714285
stress_sf: 0.047619047619047616
