time_sf: 10.471975511965978
strain_sf: 0.14285714285714285
stress_sf: 98.07692307692307
