noise_factor: 0
time_sf: 0.769230769230769
strain_sf: 0.14285714285714285
stress_sf: 0.047619047619047616
